12.937455 -0.005931
12.897224 0.018228
12.857022 0.010876
12.816847 0.010285
12.776700 0.018425
12.736581 0.019261
12.696491 0.015527
12.656428 0.014611
12.616394 0.008346
12.576387 0.015152
12.536409 0.011655
12.496459 0.017530
12.456537 0.011538
12.416642 0.010796
12.376776 0.023227
12.336938 0.020958
12.297128 0.018077
12.257346 0.019979
12.217593 0.019868
12.177867 0.018460
12.138169 0.015363
12.098499 0.018362
12.058858 0.020762
12.019244 0.018039
11.979659 0.022010
11.940101 0.022898
11.900572 0.021727
11.861071 0.021657
11.821597 0.023135
11.782152 0.020467
11.742735 0.021764
11.703346 0.020219
11.663985 0.025560
11.624652 0.024116
11.585347 0.025735
11.546071 0.027774
11.506822 0.023968
11.467601 0.026657
11.428409 0.022325
11.389244 0.024264
11.350108 0.024118
11.310999 0.028352
11.271919 0.028783
11.232866 0.025633
11.193842 0.029234
11.154846 0.027481
11.115878 0.030951
11.076938 0.029488
11.038026 0.027299
10.999142 0.029855
10.960286 0.029901
10.921458 0.031966
10.882658 0.030479
10.843887 0.030385
10.805143 0.033046
10.766427 0.032576
10.727740 0.032988
10.689081 0.032648
10.650449 0.035785
10.611846 0.036837
10.573271 0.029852
10.534723 0.033494
10.496204 0.033374
10.457713 0.030345
10.419250 0.036910
10.380815 0.036080
10.342408 0.034951
10.304029 0.033028
10.265679 0.031235
10.227356 0.033476
10.189061 0.030158
10.150795 0.034466
10.112556 0.029784
10.074346 0.036835
10.036163 0.037401
9.998009 0.035508
9.959883 0.039176
9.921784 0.039157
9.883714 0.037934
9.845672 0.038749
9.807658 0.024691
9.769672 0.032546
9.731714 0.039943
9.693784 0.030151
9.655883 0.062967
9.618009 0.023212
9.580163 0.016876
9.542346 0.015175
9.504556 0.023771
9.466795 0.007805
9.429061 0.019670
9.391356 0.020650
9.353679 0.018373
9.316029 0.023965
9.278408 0.019967
9.240815 0.018538
9.203250 0.021430
9.165713 0.022084
9.128204 0.019611
9.090723 0.021999
9.053270 0.018707
9.015846 0.018333
8.978449 0.016167
8.941080 0.017319
8.903740 0.015374
8.866427 0.012493
8.829143 0.018979
8.791887 0.013525
8.754658 0.012431
8.717458 0.015578
8.680286 0.012335
8.643142 0.011024
8.606026 0.009466
8.568938 0.015463
8.531878 0.011142
8.494846 0.008520
8.457842 0.012840
8.420866 0.009817
8.383918 0.010903
8.346999 0.013221
8.310107 0.010356
8.273244 0.009198
8.236408 0.006731
8.199601 0.010476
8.162822 0.012095
8.126070 0.006614
8.089347 0.010441
8.052652 0.006658
8.015985 0.013516
7.979346 0.016064
