12.937455 0.002024
12.897224 0.011605
12.857022 0.003804
12.816847 0.010228
12.776700 0.002002
12.736581 0.001389
12.696491 0.004002
12.656428 0.002772
12.616394 0.001479
12.576387 0.004706
12.536409 0.001439
12.496459 0.007339
12.456537 0.005390
12.416642 0.011881
12.376776 0.004284
12.336938 0.006852
12.297128 0.007847
12.257346 0.008143
12.217593 0.006002
12.177867 0.006238
12.138169 0.005610
12.098499 0.007478
12.058858 0.005999
12.019244 0.008600
11.979659 0.008526
11.940101 0.009935
11.900572 0.010828
11.861071 0.005928
11.821597 0.006484
11.782152 0.007504
11.742735 0.007012
11.703346 0.010196
11.663985 0.008874
11.624652 0.009800
11.585347 0.008883
11.546071 0.009867
11.506822 0.009661
11.467601 0.009394
11.428409 0.008909
11.389244 0.010094
11.350108 0.011661
11.310999 0.010137
11.271919 0.009165
11.232866 0.010974
11.193842 0.008192
11.154846 0.013552
11.115878 0.013662
11.076938 0.010396
11.038026 0.010637
10.999142 0.011749
10.960286 0.013115
10.921458 0.013516
10.882658 0.011635
10.843887 0.014208
10.805143 0.011776
10.766427 0.010342
10.727740 0.013866
10.689081 0.013555
10.650449 0.014188
10.611846 0.014895
10.573271 0.014495
10.534723 0.014879
10.496204 0.012680
10.457713 0.015764
10.419250 0.013548
10.380815 0.014460
10.342408 0.013418
10.304029 0.015546
10.265679 0.014721
10.227356 0.016928
10.189061 0.014688
10.150795 0.011932
10.112556 0.011996
10.074346 0.017069
10.036163 0.015777
9.998009 0.017073
9.959883 0.009294
9.921784 0.013205
9.883714 0.014104
9.845672 0.018550
9.807658 0.010768
9.769672 0.017488
9.731714 0.020532
9.693784 0.013585
9.655883 0.025183
9.618009 -0.003413
9.580163 -0.002158
9.542346 0.005668
9.504556 0.023604
9.466795 0.000981
9.429061 0.010638
9.391356 0.014165
9.353679 0.006679
9.316029 0.010442
9.278408 0.009657
9.240815 0.007597
9.203250 0.010178
9.165713 0.015863
9.128204 0.008456
9.090723 0.007994
9.053270 0.006790
9.015846 0.008000
8.978449 0.009140
8.941080 0.011916
8.903740 0.006943
8.866427 0.009966
8.829143 0.011135
8.791887 0.010070
8.754658 0.005533
8.717458 0.005410
8.680286 0.006600
8.643142 0.005928
8.606026 0.006857
8.568938 0.006623
8.531878 0.005337
8.494846 0.008028
8.457842 0.008269
8.420866 0.006987
8.383918 0.007102
8.346999 0.005789
8.310107 0.003945
8.273244 0.003998
8.236408 0.005001
8.199601 0.009441
8.162822 0.007537
8.126070 0.006852
8.089347 0.011167
8.052652 0.004355
8.015985 0.000858
7.979346 -0.002749
